10
17
11
9
12
18
12
9
13
18
12
9
13
18
12
9
13
18
12
9
13
18
12
9
13
18
12
9
12
18
13
9
13
18
13
9
13
18
12
9
12
18
12
9
13
18
13
9
13
18
12
9
13
18
12
9
13
18
12
9
12
17
11
9
11
18
12
9
13
18
12
9
13
18
12
9
13
18
12
9
13
18
13
9
13
18
12
9
12
18
12
9
13
18
13
9
13
18
13
9
13
18
12
9
13
18
12
9
13
18
13
9
13
18
12
9
12
18
12
9
12
18
12
9
12
18
12
9
12
18
12
9
13
18
12
9
13
18
12
9
13
18
12
9
13
18
12
9
13
18
12
9
12
17
12
9
12
18
13
9
13
18
13
9
13
18
12
9
12
18
12
9
13
18
13
9
14
18
12
9
13
18
12
9
13
18
12
9
12
18
12
9
12
17
12
9
12
18
12
9
13
18
12
9
12
18
12
9
12
18
12
9
13
18
12
9
13
18
12
9
13
18
13
9
13
18
13
9
13
18
12
9
12
18
12
9
12
18
12
9
12
18
12
9
13
18
12
9
12
18
12
9
12
18
12
9
11
18
12
9
13
18
12
9
13
18
12
9
13
18
12
9
13
18
12
9
13
18
12
9
13
18
12
9
13
18
13
9
13
18
13
9
13
18
12
9
12
18
12
9
12
18
13
9
13
18
12
9
13
18
12
9
13
18
12
9
12
18
12
9
12
18
12
9
13
18
12
9
13
18
12
9
12
18
12
9
12
18
12
9
13
18
12
9
13
17
12
9
13
18
13
9
13
18
13
9
13
18
12
9
12
18
12
9
12
18
12
9
12
18
12
9
13
18
12
9
13
18
12
9
13
18
12
9
12
17
12
9
13
18
12
9
13
18
12
9
13
18
12
9
