11
17
11
10
13
18
12
9
13
18
12
10
13
18
12
9
13
18
13
9
13
18
12
10
13
18
12
11
13
18
13
8
13
18
13
9
13
18
12
10
12
18
12
10
13
18
13
10
14
18
12
9
13
18
12
9
13
18
12
10
12
17
11
10
12
18
12
9
13
18
12
10
13
18
12
10
13
18
12
10
13
18
13
10
13
18
12
10
12
18
12
10
13
18
13
10
13
18
13
10
13
18
12
10
13
18
12
10
13
18
12
10
13
18
12
10
12
18
12
10
12
18
12
10
13
18
12
10
12
18
12
10
13
18
12
10
13
18
12
10
13
18
12
10
13
18
12
10
13
18
12
10
12
17
12
10
12
18
13
10
13
18
13
10
13
18
12
10
13
18
12
10
13
18
13
10
14
18
12
10
13
18
12
10
13
18
12
10
12
17
12
10
12
17
11
10
12
18
12
10
13
18
12
10
12
18
12
10
12
18
12
10
13
18
12
10
13
18
12
10
13
18
13
10
13
18
13
10
13
18
12
10
12
18
12
10
12
18
12
10
12
18
12
10
13
18
12
10
12
18
12
10
12
18
12
10
12
18
12
10
13
18
12
10
13
18
12
10
13
18
12
10
13
18
12
10
13
18
12
10
13
18
12
10
13
18
13
10
13
18
13
10
13
18
12
10
12
18
12
10
12
18
13
10
13
18
12
10
13
18
12
10
13
18
12
10
12
18
12
10
12
18
12
10
13
18
12
10
13
18
12
10
12
18
12
10
13
18
12
10
13
18
12
10
13
17
12
10
13
18
13
10
13
18
13
10
13
18
12
10
12
18
12
10
12
18
13
10
12
18
12
10
13
18
12
10
13
18
12
10
13
18
12
10
12
17
12
10
13
18
12
10
13
18
12
10
13
18
12
10
