10
17
11
5
12
18
12
6
13
18
12
6
13
18
12
6
13
18
12
6
13
18
12
5
13
18
12
5
12
18
12
6
13
18
12
6
13
17
11
5
12
18
12
5
13
18
12
6
13
18
12
5
13
18
12
5
13
18
12
5
12
17
11
4
11
18
11
5
13
18
12
6
13
18
12
6
13
18
12
6
13
18
12
5
13
18
12
5
12
18
11
5
13
18
12
6
13
18
12
6
13
18
12
5
13
18
12
5
13
18
12
6
13
18
12
6
12
18
12
6
12
18
12
6
12
18
11
4
12
18
11
5
13
18
12
6
13
18
12
6
13
18
12
6
13
18
12
6
13
18
12
5
12
17
11
5
12
18
12
6
13
18
12
6
13
18
12
5
12
18
12
6
13
18
12
6
14
18
12
6
13
18
12
6
13
18
12
6
12
17
11
5
12
17
11
5
12
18
12
6
13
18
12
6
12
18
12
6
12
18
12
5
13
18
12
5
13
18
12
5
13
18
13
6
13
18
13
6
13
18
12
5
12
18
12
5
12
18
12
5
12
18
12
5
13
18
11
5
12
18
12
5
12
18
11
5
11
18
11
6
13
18
12
6
13
18
12
6
13
18
12
6
13
18
12
5
13
18
12
5
13
18
11
6
13
18
12
6
13
18
12
6
13
18
12
6
12
18
12
5
12
18
12
5
13
18
12
5
13
18
12
6
13
18
12
6
12
18
12
6
12
18
11
5
13
18
12
6
13
18
12
5
12
18
11
5
12
18
12
5
13
18
12
5
13
17
12
6
13
18
12
6
13
18
13
6
13
18
12
5
12
18
11
5
12
18
12
6
12
18
12
6
13
18
12
6
13
18
12
6
13
18
12
5
12
17
11
5
13
18
12
6
13
18
12
6
13
18
11
5
