10
17
11
5
12
18
12
7
13
18
13
7
13
18
13
7
13
18
12
7
13
18
13
7
13
18
13
7
13
18
13
6
13
17
12
6
12
18
12
6
13
18
13
7
13
18
13
7
13
18
13
7
13
18
12
6
12
17
12
6
13
18
12
6
12
18
13
7
13
18
13
7
13
18
12
6
13
18
12
7
13
18
12
7
12
18
12
6
11
17
11
5
11
17
12
5
12
18
12
6
13
18
13
7
13
18
13
7
13
18
13
7
13
18
13
7
13
18
13
7
13
18
13
7
13
17
12
6
12
17
12
5
12
18
13
7
12
18
13
7
13
18
13
7
13
18
12
7
13
18
12
6
13
18
13
7
12
18
13
7
12
18
12
6
12
18
12
6
12
18
12
7
12
18
12
7
12
18
12
7
12
17
11
6
12
18
12
5
12
18
12
6
13
18
12
7
13
18
12
7
13
18
12
7
13
18
13
7
13
18
13
7
13
18
13
7
13
18
12
5
12
17
12
6
12
18
12
6
12
18
13
7
13
18
13
7
13
18
12
7
12
18
12
7
12
18
12
7
12
18
13
7
12
18
12
7
12
18
12
7
13
18
12
7
13
18
13
7
13
18
13
7
12
18
12
7
11
18
12
6
12
18
12
6
12
18
12
6
12
18
12
6
12
18
12
6
13
18
13
7
12
18
13
7
13
18
13
7
13
18
12
6
12
17
11
5
12
18
12
7
12
18
13
7
13
18
13
7
13
18
13
7
13
18
12
7
13
18
12
7
12
18
12
6
12
18
12
6
12
17
12
6
11
18
12
7
12
18
12
7
12
18
12
7
12
18
12
6
12
18
12
6
12
18
13
6
13
18
13
7
13
18
12
7
13
18
12
7
13
18
13
7
13
18
13
7
13
18
13
7
