||=           Routine            =||=   min time(s)     =||=   mean time(s)    =||=   max time(s)     =||=     No. calls     =||=       %time       =||= time per call(s)  =||
||                          gungho||               829.83||               829.84||               829.89||                    1||               100.00||               829.84||
||                       init_mesh||                 0.96||                 0.98||                 1.00||                    1||                 0.12||                 0.98||
||                        init_fem||                 0.66||                 0.68||                 0.71||                    1||                 0.08||                 0.68||
||                       init_xios||                88.81||                88.82||                88.82||                    1||                10.70||                88.82||
||                       init_orog||                 0.44||                 0.44||                 0.44||                    1||                 0.05||                 0.44||
||               runtime_constants||                20.03||                20.05||                20.07||                    1||                 2.42||                20.05||
||           runtime_constants_alg||                20.03||                20.05||                20.07||                    1||                 2.42||                20.05||
||         geometric_constants_alg||                 2.29||                 2.29||                 2.30||                    1||                 0.28||                 2.29||
||               fem_constants_alg||                14.83||                15.55||                15.63||                    1||                 1.87||                15.55||
||       physical_op_constants_alg||                 1.77||                 1.85||                 2.56||                    1||                 0.22||                 1.85||
||         intermesh_constants_alg||                 0.32||                 0.32||                 0.33||                    1||                 0.04||                 0.32||
||               create_model_data||                 1.28||                 1.39||                 1.46||                    1||                 0.17||                 1.39||
||           initialise_model_data||                 0.48||                 0.48||                 0.48||                    1||                 0.06||                 0.48||
||                        set_wind||                34.94||                41.07||                48.17||                  481||                 4.95||                 0.09||
||          mass_matrix_solver_alg||                52.19||                58.45||                63.88||                 1066||                 7.04||                 0.05||
||            write_initial_output||                44.98||                44.98||                44.98||                    1||                 5.42||                44.98||
||                initialise_model||                10.18||                10.18||                10.18||                    1||                 1.23||                10.18||
||         si_operators_alg:create||                 0.03||                 0.03||                 0.04||                    1||                 0.00||                 0.03||
||                     gungho_step||               654.75||               654.84||               654.90||                  120||                78.91||                 5.46||
||      semi_implicit_timestep_alg||               654.72||               654.80||               654.85||                  120||                78.91||                 5.46||
||              map_physics_fields||                 1.59||                 1.65||                 1.74||                  120||                 0.20||                 0.01||
||                    slow_physics||               122.04||               122.49||               125.33||                  120||                14.76||                 1.02||
||              fsd_condensate_alg||                 0.17||                 0.19||                 0.19||                  120||                 0.02||                 0.00||
||           locate_tropopause_alg||                 0.01||                 0.02||                 0.03||                  120||                 0.00||                 0.00||
||              glomap_aerosol_alg||                 4.05||                 4.17||                 4.23||                  120||                 0.50||                 0.03||
||               strat_aerosol_alg||                 0.01||                 0.01||                 0.02||                  120||                 0.00||                 0.00||
||                       mphys_alg||                 4.19||                 9.36||                11.89||                  120||                 1.13||                 0.08||
||                      radaer_alg||                17.51||                19.48||                20.53||                  120||                 2.35||                 0.16||
||                  illuminate_alg||                 0.06||                 0.07||                 0.07||                  120||                 0.01||                 0.00||
||                    rad_tile_alg||                 2.13||                 2.94||                 3.29||                  120||                 0.35||                 0.02||
||                    sw_radiation||                 7.48||                10.47||                12.88||                  120||                 1.26||                 0.09||
||                 radiation_diags||                 0.08||                 0.09||                 0.13||                  120||                 0.01||                 0.00||
||                    lw_radiation||                11.29||                15.80||                19.53||                  120||                 1.90||                 0.13||
||            pc2_rad_response_alg||                 0.28||                 0.29||                 0.33||                  120||                 0.04||                 0.00||
||                spectral_gwd_alg||                 1.47||                 2.03||                 3.77||                  120||                 0.24||                 0.02||
||             orographic_drag_alg||                 0.07||                 0.31||                 1.04||                  120||                 0.04||                 0.00||
||                      methox_alg||                 0.01||                 0.01||                 0.02||                  120||                 0.00||                 0.00||
||                      bl_exp_alg||                22.03||                23.27||                24.04||                  120||                 2.80||                 0.19||
||                    bl_exp_diags||                 0.00||                 0.00||                 0.00||                  120||                 0.00||                 0.00||
||                  pc2_checks_alg||                 0.19||                 0.20||                 0.21||                  120||                 0.02||                 0.00||
||                         rhs_alg||                23.37||                26.24||                28.06||                  832||                 3.16||                 0.03||
||        gungho_transport_control||               195.13||               196.15||               197.10||                  240||                23.64||                 0.82||
||            mol_conservative_alg||                62.46||                63.18||                63.62||                 1200||                 7.61||                 0.05||
||                  wind transport||                32.37||                32.71||                32.93||                  240||                 3.94||                 0.14||
||    moist mixing ratio transport||                50.65||                51.42||                51.82||                  240||                 6.20||                 0.21||
||     tracer collection transport||                70.85||                72.65||                73.67||                  480||                 8.75||                 0.15||
||            calc_phys_predictors||                23.65||                24.99||                25.61||                  240||                 3.01||                 0.10||
||                    fast_physics||                57.54||                58.05||                59.77||                  240||                 6.99||                 0.24||
||                     conv_gr_alg||                 5.96||                10.67||                21.97||                  240||                 1.29||                 0.04||
||                      conv_diags||                 0.20||                 0.35||                 0.43||                  240||                 0.04||                 0.00||
||           pc2_conv_coupling_alg||                 1.03||                12.76||                19.16||                  240||                 1.54||                 0.05||
||                      bl_imp_alg||                14.01||                14.65||                15.96||                  480||                 1.77||                 0.03||
||                    bl_imp_diags||                 0.18||                 0.19||                 0.20||                  240||                 0.02||                 0.00||
||        si_operators_alg:compute||                70.49||                70.54||                70.58||                  120||                 8.50||                 0.59||
||        semi_implicit_solver_alg||               147.39||               147.79||               148.37||                  480||                17.81||                 0.31||
||                    mixed_solver||               140.17||               140.70||               141.47||                  480||                16.95||                 0.29||
||  mixed_schur_preconditioner_alg||                66.42||                67.90||                69.23||                 4941||                 8.18||                 0.01||
||                 mixed_schur rhs||                23.88||                24.86||                26.47||                 4941||                 3.00||                 0.01||
||               mixed_schur solve||                27.85||                29.05||                30.28||                 4941||                 3.50||                 0.01||
||                   helmholtz lhs||                13.45||                15.79||                17.67||                74115||                 1.90||                 0.00||
||           schur back substitute||                11.48||                12.26||                13.97||                 4941||                 1.48||                 0.00||
||                  mixed_operator||                45.79||                47.23||                49.13||                 4941||                 5.69||                 0.01||
||                 jules_extra_alg||                 0.11||                 0.91||                 2.77||                  120||                 0.11||                 0.01||
||                jules_snow_diags||                 0.00||                 0.00||                 0.00||                  120||                 0.00||                 0.00||
||                jules_soil_diags||                 0.00||                 0.00||                 0.00||                  120||                 0.00||                 0.00||
||                         cld_alg||                 1.31||                 1.42||                 1.53||                  120||                 0.17||                 0.01||
||                       cld_diags||                 0.00||                 0.00||                 0.00||                  120||                 0.00||                 0.00||
||        pc2_pressure_forcing_alg||                 0.29||                 0.32||                 0.36||                  120||                 0.04||                 0.00||
||              pc2_initiation_alg||                 0.94||                 1.05||                 1.19||                  120||                 0.13||                 0.01||
||       gungho_diagnostics_driver||                 0.00||                 0.00||                 0.00||                  120||                 0.00||                 0.00||
||                    update_ancil||                 0.00||                 0.00||                 0.00||                  120||                 0.00||                 0.00||
