10
17
11
5
11
18
12
7
12
18
13
7
13
18
13
8
13
18
13
8
13
18
13
8
12
18
13
7
13
18
13
7
13
18
13
7
13
18
13
7
13
18
13
7
12
17
12
7
12
18
13
7
12
18
13
8
13
18
14
8
13
18
14
8
13
18
13
8
13
18
13
7
12
17
12
7
12
18
12
7
12
18
13
7
13
18
13
8
13
18
13
8
12
18
13
7
13
18
13
7
12
18
13
7
13
18
13
7
12
18
13
7
12
18
12
7
11
17
12
6
11
17
12
6
11
18
13
7
12
18
13
7
12
18
13
7
13
18
13
7
12
18
13
8
13
18
13
8
13
18
13
8
13
18
14
8
13
18
13
8
12
18
13
7
12
17
12
6
12
17
12
6
12
18
13
7
12
18
13
8
13
18
13
8
13
18
13
8
13
18
13
8
13
18
13
7
12
18
13
7
13
18
13
7
12
18
13
7
12
18
13
7
12
18
13
7
12
18
12
7
11
18
12
7
12
18
13
7
12
18
13
7
12
18
13
7
12
18
12
7
12
18
12
6
11
18
12
7
12
18
13
7
12
18
13
7
12
18
13
7
13
18
13
7
12
18
13
7
13
18
13
8
13
18
13
8
13
18
14
8
13
18
13
8
13
18
13
7
12
17
12
6
12
18
12
7
12
18
13
7
12
18
13
8
12
18
13
8
13
18
13
7
12
18
13
7
12
18
13
7
12
18
13
7
12
18
13
7
12
18
13
7
12
18
12
7
12
17
12
7
12
18
13
7
12
18
13
8
13
18
13
8
13
18
13
8
13
18
13
7
12
18
12
7
12
18
13
7
12
18
13
7
12
18
13
7
12
18
13
7
12
17
12
7
12
18
12
7
12
18
13
8
13
18
13
8
12
18
14
8
