10
16
12
9
11
17
13
9
11
18
13
10
12
18
14
10
12
18
14
10
12
18
14
10
12
18
14
10
12
18
14
10
12
18
14
10
13
18
14
10
12
18
14
10
13
18
14
10
12
18
14
10
13
18
14
10
12
18
14
10
13
18
14
10
13
18
14
10
12
18
14
10
13
18
14
10
12
18
14
10
12
18
14
10
12
18
13
10
12
17
13
9
11
17
13
10
12
18
13
10
12
18
14
10
12
18
14
10
12
18
14
10
13
18
14
10
13
18
14
10
13
18
14
10
13
18
14
10
12
18
14
10
13
18
14
10
12
18
14
10
12
18
13
10
12
17
13
10
12
17
13
10
12
18
13
10
12
18
14
10
12
18
14
10
12
18
14
10
12
18
14
10
12
18
14
10
12
18
14
10
12
18
14
10
12
18
14
10
12
18
14
10
12
18
13
10
12
18
14
10
12
18
14
10
12
18
14
10
12
18
14
10
12
18
14
10
12
18
14
10
12
18
14
10
12
18
13
10
11
17
13
9
11
17
13
9
11
17
13
9
11
18
13
9
11
18
13
10
12
18
14
10
12
18
14
10
12
18
14
10
12
18
14
10
12
18
14
10
12
18
14
10
12
18
14
10
12
18
14
10
12
18
14
10
12
18
14
10
13
18
14
10
12
18
14
10
13
18
14
10
13
18
14
10
13
18
14
10
12
18
14
10
12
18
14
10
12
18
14
10
12
18
14
10
12
17
13
10
11
17
13
9
11
17
12
9
11
17
13
9
12
18
13
10
12
18
14
10
12
18
14
10
12
18
14
10
12
18
14
10
12
18
14
10
12
18
14
10
12
18
14
10
12
18
14
10
12
18
14
10
12
18
14
10
12
18
14
10
12
18
14
10
12
18
14
10
12
18
14
10
